idx    n   cost  hpwl  area  vrel  bnd  grp mib feas    sec
 99  120   2.34  0.72  0.65  0.16   10    1   0    Y  20.86
 98  119   2.08  0.55  0.63  0.13    6    1   0    Y  20.53
 97  118   2.10  0.67  0.54  0.13    5    3   0    Y  20.65
 96  117   2.12  0.70  0.33  0.17    9    2   0    Y  20.79
 95  116   2.22  0.62  0.55  0.17   10    1   0    Y  20.63
 94  115   1.98  0.53  0.38  0.15   10    0   0    Y  20.57
 93  114   2.07  0.49  0.33  0.19   10    2   0    Y  20.49
 92  113   1.90  0.44  0.42  0.14    7    1   0    Y  20.47
 91  112   1.96  0.46  0.41  0.16    8    1   0    Y  20.71
 90  111   2.21  0.49  0.58  0.18   11    1   0    Y  20.50
 89  110   2.30  0.57  0.59  0.19    9    1   0    Y  20.56
 88  109   2.32  0.41  0.47  0.24   11    4   0    Y  20.51
 87  108   1.64  0.34  0.38  0.09    4    0   0    Y  20.50
 86  107   1.95  0.54  0.49  0.13    6    1   0    Y  20.61
 85  106   1.87  0.40  0.34  0.16    9    1   0    Y  20.53
 84  105   1.85  0.38  0.38  0.15    9    0   0    Y  20.44
 83  104   2.01  0.52  0.38  0.16    8    1   0    Y  20.47
 82  103   1.84  0.45  0.44  0.12    6    1   0    Y  20.61
 81  102   1.69  0.40  0.25  0.12    7    0   0    Y  20.47
 80  101   2.05  0.50  0.30  0.19   12    0   0    Y  20.61
 79  100   2.14  0.31  0.67  0.18   10    0   0    Y  20.39
 78   99   1.94  0.41  0.38  0.16    9    1   0    Y  20.65
 77   98   2.00  0.37  0.38  0.19   10    0   0    Y  20.56
 76   97   1.97  0.49  0.42  0.15    8    1   0    Y  20.46
 75   96   2.27  0.38  0.63  0.21   10    2   0    Y  20.39
 74   95   2.10  0.35  0.48  0.20   11    2   0    Y  20.45
 73   94   2.02  0.42  0.40  0.18    9    1   0    Y  20.53
 72   93   1.99  0.44  0.47  0.16    9    0   0    Y  20.59
 71   92   1.56  0.31  0.36  0.08    3    1   0    Y  20.55
 70   91   1.97  0.30  0.51  0.17    9    1   0    Y  20.41
 69   90   1.85  0.23  0.28  0.19    9    1   0    Y  20.45
 68   89   1.75  0.45  0.23  0.13    7    0   0    Y   9.40
 67   88   1.91  0.54  0.36  0.14    6    1   0    Y   9.37
 66   87   1.96  0.46  0.40  0.16    6    2   0    Y   9.37
 65   86   1.93  0.53  0.24  0.17    7    2   0    Y   9.40
 64   85   1.96  0.62  0.33  0.14    7    1   0    Y   9.43
 63   84   1.97  0.46  0.46  0.15    6    1   0    Y   9.35
 62   83   1.97  0.59  0.32  0.15    6    2   0    Y   9.40
 61   82   1.88  0.45  0.32  0.15    6    1   0    Y   9.35
 60   81   1.70  0.36  0.34  0.11    4    1   0    Y   9.33
 59   80   2.01  0.54  0.37  0.16    7    1   0    Y   9.48
 58   79   1.80  0.24  0.33  0.17    5    2   0    Y   9.39
 57   78   1.97  0.55  0.37  0.15    5    1   0    Y   9.44
 56   77   1.79  0.23  0.34  0.16    7    1   0    Y   9.32
 55   76   1.59  0.29  0.30  0.10    4    1   0    Y   9.37
 54   75   1.97  0.26  0.47  0.18    8    1   0    Y   9.32
 53   74   1.96  0.35  0.50  0.16    7    0   0    Y   9.37
 52   73   1.77  0.35  0.38  0.13    6    0   0    Y   9.32
 51   72   1.81  0.64  0.59  0.06    3    0   0    Y   9.37
 50   71   2.05  0.28  0.39  0.21   10    0   0    Y   9.32
 49   70   1.73  0.30  0.29  0.15    6    1   0    Y   9.30
 48   69   1.81  0.26  0.37  0.16    7    1   0    Y   9.34
 47   68   1.82  0.33  0.33  0.16    7    0   0    Y   9.30
 46   67   1.49  0.31  0.41  0.05    2    0   0    Y   9.33
 45   66   1.73  0.36  0.51  0.09    4    0   0    Y   9.34
 44   65   1.85  0.41  0.31  0.15    7    0   0    Y   9.36
 43   64   1.50  0.26  0.31  0.07    3    0   0    Y   9.29
 42   63   1.63  0.28  0.34  0.11    4    0   0    Y   9.29
 41   62   2.07  0.35  0.56  0.18    8    0   0    Y   9.28
 40   61   1.89  0.28  0.31  0.19    7    1   0    Y   9.32
 39   60   1.66  0.29  0.27  0.13    4    1   0    Y   9.35
 38   59   1.78  0.48  0.36  0.11    4    1   0    Y   9.32
 37   58   1.62  0.29  0.38  0.10    4    0   0    Y   9.32
 36   57   1.73  0.40  0.42  0.10    2    2   0    Y   9.30
 35   56   1.48  0.23  0.28  0.08    2    1   0    Y   9.28
 34   55   1.63  0.34  0.33  0.10    4    0   0    Y   9.25
 33   54   1.82  0.42  0.38  0.13    5    0   0    Y   9.27
 32   53   1.64  0.32  0.24  0.12    5    0   0    Y   9.24
 31   52   1.64  0.50  0.33  0.07    3    0   0    Y   9.29
 30   51   1.72  0.38  0.29  0.13    4    1   0    Y   9.29
 29   50   1.66  0.30  0.25  0.13    4    1   0    Y   9.24
 28   49   1.61  0.37  0.32  0.09    2    1   0    Y   3.86
 27   48   1.90  0.29  0.36  0.18    7    0   0    Y   3.85
 26   47   1.56  0.25  0.23  0.11    3    1   0    Y   3.85
 25   46   1.58  0.31  0.34  0.09    3    0   0    Y   3.84
 24   45   1.54  0.39  0.27  0.07    2    0   0    Y   3.85
 23   44   1.79  0.31  0.30  0.16    4    1   0    Y   3.88
 22   43   1.65  0.25  0.22  0.14    5    0   0    Y   3.84
 21   42   1.76  0.39  0.38  0.12    4    0   0    Y   3.84
 20   41   1.46  0.24  0.33  0.06    2    0   0    Y   3.83
 19   40   1.58  0.23  0.40  0.09    3    0   0    Y   3.82
 18   39   1.79  0.27  0.47  0.13    4    0   0    Y   3.82
 17   38   1.72  0.19  0.35  0.15    5    0   0    Y   3.82
 16   37   1.99  0.29  0.35  0.21    7    0   0    Y   3.82
 15   36   1.78  0.31  0.29  0.16    5    0   0    Y   3.81
 14   35   2.07  0.44  0.26  0.21    5    1   0    Y   3.81
 13   34   1.74  0.11  0.36  0.17    4    1   0    Y   3.83
 12   33   1.41  0.06  0.29  0.09    2    0   0    Y   3.82
 11   32   2.05  0.28  0.39  0.21    6    0   0    Y   3.81
 10   31   1.59  0.06  0.22  0.17    4    0   0    Y   3.81
  9   30   1.66  0.28  0.22  0.14    3    1   0    Y   3.80
  8   29   1.64  0.45  0.21  0.11    3    0   0    Y   3.82
  7   28   1.64  0.14  0.29  0.15    5    0   0    Y   3.85
  6   27   1.50  0.22  0.21  0.11    3    0   0    Y   3.80
  5   26   1.31  0.20  0.20  0.04    1    0   0    Y   3.80
  4   25   1.46  0.28  0.11  0.10    3    0   0    Y   3.80
  3   24   1.50 -0.03  0.21  0.15    4    0   0    Y   3.80
  2   23   1.32  0.18  0.27  0.04    1    0   0    Y   3.81
  1   22   1.60  0.22  0.16  0.15    4    0   0    Y   3.80
  0   21   1.34  0.14  0.32  0.04    1    0   0    Y   4.08

Feasible: 100/100   viol totals: boundary=582 grouping=66 mib=0   avg 11.22s/case
Weighted total score (this subset): 2.0473
